eg1:

6 14
1 2 4
1 3 3
2 3 3
2 4 5
3 5 7
4 5 4
4 6 6
2 1 4
3 1 3
3 2 3
4 2 5
5 3 7
5 4 4
6 4 6


6 7
0 1 4
0 2 3
1 2 3
1 3 5
2 4 7
3 4 4
3 5 6


Tree：
0       7       0       0       0       0
7       0       10      9       0       0
0       10      0       0       11      0
0       9       0       0       0       6
0       0       11      0       0       0
0       0       0       6       0       0

eg2:
6 14
1 2 1
1 3 1
1 5 1
2 4 1
2 6 1
3 4 1
5 6 1
2 1 1
3 1 1
5 1 1
4 2 1
6 2 1
4 3 1
6 5 1


6 7
0 1 1
0 2 1
0 4 1
1 3 1
1 5 1
2 3 1
4 5 1


Tree：
0       3       2       2       2       2
3       0       0       0       0       0
2       0       0       0       0       0
2       0       0       0       0       0
2       0       0       0       0       0
2       0       0       0       0       0